15
0 374 334 20 247 152 23 21 166 242 34 29 408 159 178
374 0 76 377 153 293 386 379 274 201 373 401 20 296 199
334 76 0 339 88 228 348 340 210 136 334 363 86 231 161
20 377 339 0 251 144 9 5 158 234 16 33 413 151 183
247 153 88 251 0 147 260 253 129 55 247 275 163 150 73
152 293 228 144 147 0 153 145 19 95 140 175 301 8 141
23 386 348 9 260 153 0 3 167 243 11 28 422 150 192
21 379 340 5 253 145 3 0 161 233 11 29 404 145 185
166 274 210 158 129 19 167 161 0 78 151 186 284 15 127
242 201 136 234 55 95 243 233 78 0 226 261 210 99 89
34 373 334 16 247 140 11 11 151 226 0 39 396 138 177
29 401 363 33 275 175 28 29 186 261 39 0 424 171 205
408 20 86 413 163 301 422 404 284 210 396 424 0 305 221
159 296 231 151 150 8 150 145 15 99 138 171 305 0 145
178 199 161 183 73 141 192 185 127 89 177 205 221 145 0

New York City
Buffalo
Rochester
Yonkers
Syracuse
Albany
New Rochelle
Mount Vernon
Schenectady
Utica
White Plains
Hempstead
Niagara Falls
Troy
Binghamton